"","0","10","20","30","40","50","60","70","80","90","100","110","120","130","140","150","160","170","180","190","200"
"750",0.847516330868729,0.848047511303195,0.847679118343486,0.84760288722672,0.847864170183837,0.847165284715002,0.846793699177102,0.846825479875195,0.846477372612267,0.846484496866078,0.845819817867373,0.845641715071788,0.845276050956426,0.844906022074005,0.844220503741626,0.844524381692654,0.843362314103898,0.843437674580702,0.843111507958809,0.842757853016252,0.842638815871516
"760",0.847501002967218,0.847923248803843,0.847630927981196,0.846881366932578,0.846732700838958,0.846829219885031,0.846442451526363,0.845598460187326,0.845867506091546,0.845953498017684,0.845102137703555,0.845722533740667,0.84495188259192,0.844079350553379,0.843860422809423,0.843173910634912,0.843506650802135,0.843694010226094,0.843349023270345,0.842706264004867,0.842399545566707
"770",0.847081814056426,0.847448538586969,0.847552496580637,0.846924459799757,0.846914056135948,0.846335419024112,0.846522586820172,0.846181343221246,0.846090778976912,0.845353249847332,0.844926744067754,0.844962728371721,0.84490987433235,0.844205197124139,0.843949668553935,0.843689552575499,0.843041291497413,0.8428198276279,0.842093682699512,0.842250793835885,0.842052770312631
"780",0.846497074534165,0.846662273547595,0.847513696375487,0.846797892209898,0.846410176998082,0.846518531858529,0.84550204975728,0.845635565016084,0.845647872196007,0.844985496045086,0.844467018153554,0.844142183821717,0.844354862416451,0.84372522338223,0.842932604626601,0.843555699908289,0.843282457888633,0.842620430518194,0.842586503653008,0.84227112738309,0.841585636975172
"790",0.846692627306213,0.84698787562064,0.846637741848824,0.846651282481443,0.846051500711013,0.846120188535329,0.845379186947794,0.845386008332116,0.845051253254253,0.84508989452195,0.844727613253038,0.844493008111982,0.843881496716296,0.842871166561461,0.842553089478108,0.84309366193251,0.842536564978083,0.842844905119753,0.842325596028956,0.841501880963707,0.841323627709485
"800",0.846359402945631,0.846650161019693,0.846396691580004,0.846280706469427,0.845954830423434,0.845902209012678,0.844582540120797,0.845240231409452,0.844298260762882,0.844231304455763,0.844094382212501,0.844216307615792,0.844139041951188,0.842849721894253,0.842693980707053,0.841933809214492,0.842489023636352,0.841871532034874,0.841734020341363,0.84121496036925,0.84042728594474
"810",0.846272938814162,0.846021920707335,0.846626630972768,0.845600735223248,0.845194209463261,0.845051709493654,0.844820602866826,0.844916842253698,0.844946236827513,0.844658994937676,0.843801809398437,0.843214933662193,0.843579079341613,0.843525593638578,0.842377755450535,0.842315427520376,0.842091025996443,0.842167062064104,0.841226506751725,0.840373150009155,0.840797405714063
"820",0.845481436741365,0.845887726367026,0.845612769903263,0.845478160758754,0.844979999817444,0.845404815659361,0.844365505278838,0.844905181255815,0.844450010343524,0.844040743933687,0.843410767987392,0.843288605659992,0.842485367112835,0.842430038978436,0.842239343968647,0.841440648697154,0.841795361321706,0.841244443817678,0.841173475579555,0.84092287565688,0.840856034216266
"830",0.845736493879891,0.846069301106444,0.844799899075133,0.845410208469309,0.844646667895953,0.844487486317737,0.844701639880593,0.84434216000565,0.843876718174288,0.84411138274043,0.843309609590262,0.842175344508082,0.842674813706637,0.842162423033275,0.841808503262176,0.841722873599203,0.841110727801069,0.841220626353345,0.840120680818438,0.840043316941153,0.839627808783521
"840",0.845374662288186,0.845236540795334,0.844945168185857,0.84478578469994,0.84458877121736,0.845015749280125,0.844742409541476,0.843971891476309,0.843184102452673,0.843521400700496,0.843152718934285,0.842799338747619,0.842539509362639,0.842197025383424,0.841242565277102,0.842124909561216,0.841216556523326,0.8407448292994,0.840521373384736,0.840187079967824,0.839925631059284
"850",0.845172518387087,0.845452435689293,0.844456719409956,0.844831383931257,0.844293976832111,0.844514200001839,0.844000776984686,0.843619091435282,0.843780225681485,0.84269815925869,0.842336402319036,0.842592821337508,0.841798067941966,0.841751989694022,0.841355955424242,0.841175446688373,0.840653695066777,0.839950003364164,0.840036526910227,0.839571440808368,0.839448161296437
"860",0.845401424284232,0.845181432655022,0.844566752477986,0.844390732048492,0.843780857612632,0.843656686203416,0.842841661870524,0.843389066678833,0.843057162964045,0.842337126353382,0.841981778722709,0.842589315485352,0.841838150716257,0.841386406784792,0.841346315112741,0.840807541160924,0.840021235761658,0.840666943074546,0.839693684579023,0.838927578153301,0.838399824427223
"870",0.844576184491129,0.845023713496431,0.843999956935101,0.844099454197672,0.843779930146728,0.843913193076487,0.843419091721013,0.843105567586219,0.842558559485137,0.841857419432444,0.842606942692878,0.84232476350346,0.841275648441091,0.841118151224196,0.841159733962984,0.840401384669245,0.839862431356452,0.839518247607048,0.839486737765543,0.838877798714038,0.838492066643042
"880",0.844318626814577,0.844217825336482,0.844318920645059,0.843649382367627,0.843145812116686,0.84376613666215,0.842636357463563,0.843130832104131,0.842505732201316,0.842521107521753,0.841267497866027,0.841290656401775,0.841518935115487,0.840580028994599,0.840353284030476,0.839749014203,0.84004679669971,0.839577758685209,0.838894700198056,0.838805495108429,0.83839102221411
"890",0.844842605418626,0.844018686720687,0.843752698729178,0.843247993167069,0.842952801060037,0.843007665231366,0.842695612836094,0.842340647636763,0.841910994708294,0.842111270174125,0.841298318149328,0.841199388647265,0.841051645362748,0.840504986979779,0.840071527522213,0.83963572120651,0.839899281519007,0.839209693815832,0.838871324306486,0.838477601966532,0.837757205351396
"900",0.843226053435911,0.84370723841124,0.843993396466477,0.843261271842531,0.843512224921179,0.842714582271655,0.842666706065817,0.842457197915042,0.842223071410874,0.841632459327612,0.840855281582775,0.840739210213755,0.840634054760714,0.839915402627596,0.840645994695728,0.839969968398019,0.838788609737678,0.839053650390384,0.839170257961017,0.837795161842635,0.838189998143327
"910",0.843693928933679,0.842990426697189,0.843273211379355,0.842575633091237,0.842509009183993,0.842404015677096,0.84213608582715,0.842050703070549,0.84147793507285,0.840932651771526,0.84068572235325,0.840498197077896,0.84002161977809,0.839656031677822,0.839900310555749,0.839527357452101,0.838810844243465,0.838919038971611,0.838168961030266,0.838754345282597,0.837763785640553
"920",0.843022352992072,0.843525422674658,0.843558625736865,0.843341825519198,0.841755207365802,0.842387764629639,0.841694800279236,0.841042617757489,0.8405914681192,0.841251768471774,0.840632882699889,0.840027998015896,0.840179979078516,0.839965097226092,0.839827428894579,0.839220453950903,0.838625706725483,0.838760782118443,0.837922408950961,0.838049465911299,0.837739228406399
"930",0.842920364939694,0.84245313838228,0.842764307218386,0.842008097325203,0.841601660515608,0.841840407362361,0.842138952837059,0.840871810709376,0.840446648891478,0.8408406603364,0.839811489777882,0.839936759977484,0.840013031975921,0.838212846798622,0.839738504753685,0.838455818057517,0.838567791203296,0.838311891484382,0.837838947026295,0.837479536468598,0.837138330898829
"940",0.842898915175101,0.842711220434195,0.842071603175305,0.842369949438392,0.841852056916044,0.841723925178314,0.841297067984114,0.840300466793604,0.840800554650968,0.840416271115791,0.84030289161964,0.840091394192984,0.839209987228674,0.838851005282395,0.839354733751676,0.838827510316389,0.838929183725584,0.837916158916262,0.837426409481624,0.837964640095266,0.836706039695542
"950",0.84169868702764,0.842618793045373,0.84292187939481,0.841606146866802,0.841308247118509,0.841308378344849,0.841063349734527,0.840886002296315,0.840333148495972,0.840297654226869,0.83941478494857,0.838638064183123,0.839420799419512,0.839502707658151,0.839050918164272,0.837754028733736,0.837775323343567,0.837255046773268,0.836995302742134,0.83707883466898,0.836855705008264
"960",0.842636619430512,0.842308394104687,0.842041687116302,0.841503194316881,0.84156837512264,0.84147961232252,0.841020221158742,0.839608107958294,0.840755781523927,0.840505479460431,0.839980076728864,0.839384567151917,0.839095938169139,0.838539239521078,0.838715794839892,0.83735300968959,0.837579572962681,0.837383742292862,0.837081401658133,0.837253443177577,0.836590684484205
"970",0.842047377585032,0.841152863392554,0.841672248708819,0.841109693421982,0.841287706074005,0.841135463568725,0.840448863909901,0.840333795448318,0.839763527636359,0.839474438738837,0.839574007077192,0.838875569462011,0.838666355029323,0.838366536730708,0.837031396043493,0.836956497195746,0.837578489657828,0.837431327489131,0.836958206220238,0.836315925305445,0.835994903379974
"980",0.841232714614499,0.841473699726316,0.841144427057308,0.840794553805209,0.840692204086653,0.840275643813565,0.839586639707794,0.839896743883296,0.839757030246232,0.839341830797157,0.839235728170557,0.838688903546084,0.838198162314658,0.837619454518471,0.838500797597535,0.837592676379322,0.837083052497934,0.836584480772311,0.836703163365551,0.835739567263314,0.835337220984942
"990",0.840962401361518,0.840923335790715,0.84114739517002,0.840589417673214,0.84063949850551,0.840728612654887,0.839745101021394,0.839774022869968,0.840156598343825,0.838888550647023,0.838580606117049,0.83849103593938,0.83823780469462,0.83821065947825,0.836661154979907,0.837105551335043,0.837256584544348,0.83642030413788,0.83569885109581,0.835879287976707,0.83569220804563
"1000",0.840955446613901,0.840697942984841,0.840959396628745,0.840829085530274,0.839843873558805,0.839438627591933,0.840313411076743,0.839641281740178,0.839204327208689,0.838494731824054,0.838222012885798,0.837610737862478,0.837880196164167,0.837270924968728,0.837292920316945,0.83627702075835,0.837129073654155,0.836440426854162,0.836135782508869,0.835425240894308,0.835408398001817
"1010",0.840561679437346,0.840405143798339,0.840559865265649,0.840260551228611,0.840424729066804,0.839221323198096,0.839753496071378,0.83886664123825,0.838329510322429,0.838877042956189,0.838385521370194,0.837605016090233,0.838135994490315,0.837065326121776,0.836617404740732,0.836178532449597,0.836326538134205,0.836188470704105,0.835681705067941,0.836012762569244,0.834433896663179
"1020",0.840535467058121,0.840581997397688,0.840933770745453,0.839927086895557,0.839292797070085,0.839315392813411,0.839469010211065,0.838767847081589,0.838250429072367,0.838671639447157,0.837839588221219,0.837811215655466,0.837130586463459,0.836936168713075,0.836675675299327,0.836099258297102,0.836458509050085,0.835880679673612,0.83513553163912,0.835467730245851,0.834852880308928
"1030",0.840183545097185,0.839982253299652,0.840045609442586,0.840075379949588,0.839626337964139,0.839330790638255,0.838748518767899,0.8391284939266,0.838322557405359,0.837773161413844,0.837526715829552,0.837519044898552,0.837096050353316,0.837039974256672,0.836798523035694,0.83627004186059,0.834919460749891,0.835642964755063,0.835190577085909,0.8347799558123,0.834357629574426
"1040",0.840634329876958,0.839785759242898,0.839973980031589,0.839376529655408,0.83919139038211,0.838701591791416,0.838968139550845,0.838121273597984,0.83830466847508,0.837741694697765,0.836949259176528,0.837038090259008,0.836662995550705,0.836359487178817,0.836914913734001,0.83655826634077,0.835333116006243,0.83551988721747,0.834883372248031,0.834918640015076,0.834379716660934
"1050",0.840163169805666,0.83998788898409,0.839383663411562,0.839445993559589,0.838709099349687,0.83853413447203,0.838038488655435,0.838305411488006,0.837905353465261,0.837156927976575,0.837587636855379,0.837479312903199,0.837065664585226,0.836480552936008,0.836326161221744,0.835635680688609,0.835600023839673,0.834984171245346,0.834374780071946,0.834405141309581,0.834547702975967
"1060",0.83918202828905,0.839382593163594,0.83883519891127,0.839731474912886,0.838611249487344,0.838513211635361,0.837994435039008,0.837699734073273,0.837312769888707,0.836708729412701,0.836557486228915,0.836556620954683,0.836776742241666,0.836200144103577,0.835700974059366,0.835215257299102,0.835382580842831,0.835081859350242,0.833887572665509,0.833710620289099,0.83337033136239
"1070",0.838821878678579,0.839737737489308,0.838852025672856,0.838656591760081,0.838366953669527,0.83874282039937,0.837623626876083,0.837011831000295,0.83725494224468,0.836725574142533,0.836587250833265,0.835447489226686,0.835575132673344,0.836331702761257,0.835235279261185,0.835288122756902,0.834867161258309,0.834887160031338,0.833999204653665,0.83428826816032,0.833089479342324
"1080",0.839388391860287,0.839097215434862,0.838933331281971,0.838264158749099,0.838561626600604,0.837815019011611,0.837594829350439,0.837369934129909,0.837327087387717,0.836865045078514,0.836384481631999,0.835880955116129,0.836000580355183,0.83545053740293,0.835078230906064,0.834467897906674,0.834000257430585,0.834954173281213,0.834143866060983,0.834392175326929,0.833369536430314
"1090",0.83855409356386,0.839124792789074,0.838637898339033,0.838467526782944,0.838344105779568,0.837399610702031,0.836704865894438,0.837326987546092,0.836865558009935,0.836498301830403,0.83618268353549,0.835452407209613,0.835654132341915,0.83443955469115,0.835048580590773,0.834952926586732,0.834493156567195,0.8338966094391,0.833128430466154,0.833924723432282,0.833213115121987
"1100",0.838490922068011,0.839178914369841,0.838249808286991,0.838403833647076,0.837755149180694,0.837162705023513,0.836867818731046,0.8365725684207,0.836095390333848,0.835508187954783,0.835392476386011,0.835689124230748,0.835308368322957,0.835245399451823,0.834804866690032,0.83435348774234,0.833981998825668,0.833515291751127,0.833688203386209,0.833000327650021,0.833075112307374
"1110",0.838084976707462,0.83821131739882,0.838468269908908,0.837897484071429,0.836538532406495,0.837015107656397,0.836777360590703,0.836966700477514,0.835930268322087,0.835937395655449,0.836261045908641,0.834897314031974,0.835067993386485,0.835099476633969,0.834067301420684,0.833853306053051,0.834247066902837,0.833543344526068,0.833494338181831,0.832836267473849,0.832991296856433
"1120",0.838555796904011,0.837842435837091,0.838377776019625,0.837951458655319,0.837333240674347,0.837541679930576,0.836465433492163,0.836532377042188,0.83581751802282,0.835425642064516,0.835011139272479,0.835088421589526,0.835295583522774,0.834327054651299,0.83455977094623,0.833778744300256,0.833886385473269,0.833395202143068,0.832682319116184,0.832604514469821,0.832011626639599
"1130",0.838777068244705,0.838231978394379,0.837992593850638,0.837190765588315,0.836908955402335,0.836902797831972,0.835965772607233,0.835534438459937,0.836319889091804,0.835205262415723,0.834837870025257,0.83440259916606,0.834915212546144,0.83462765448641,0.834437903416724,0.833429834469027,0.833189227647205,0.832655519018455,0.832632249108168,0.833166276013707,0.832303938072271
"1140",0.837712757328187,0.838111810604141,0.837335556145851,0.837741526651603,0.837060520289129,0.835545445919228,0.835805954927086,0.836539591220907,0.836281916156635,0.835438179467916,0.834268478964909,0.834282691108117,0.833989143237299,0.833147488478106,0.83390258761512,0.833713606730046,0.832887815834938,0.833089411695334,0.8323779081429,0.832855756455725,0.832425278580198
"1150",0.837989248937278,0.837434176455526,0.837324223856763,0.837201731754693,0.836463826124105,0.835642758682234,0.836221688468808,0.835691694230143,0.835790232549181,0.835181385837839,0.835315602315609,0.834462832340026,0.834336541963268,0.834406611555047,0.83321690564667,0.833023255991305,0.832447624765826,0.831944168080804,0.831658177962197,0.831588579736145,0.831359798293912
"1160",0.836863806731424,0.837057876937449,0.837015990346826,0.837583853279315,0.836670222250859,0.836233841016593,0.836030329625938,0.83625144185168,0.834744122182454,0.835009111845243,0.834505196521243,0.834854706944355,0.833356519341393,0.833839945079793,0.833415331852299,0.832717214577851,0.83313066189958,0.832974076985439,0.831625944418245,0.8310920978794,0.830812206633668
"1170",0.837120027933968,0.83682665741946,0.836899119817296,0.836378341776255,0.835940380498128,0.835086693966985,0.83531234703834,0.835405406252494,0.834892820213015,0.834793442390057,0.833880285045845,0.833778434853626,0.834251262274785,0.833243477338082,0.833069814399709,0.832784741706691,0.833142448636296,0.832742084158865,0.831909084378698,0.832243820796238,0.831068172634228
"1180",0.837850003304012,0.836372260157293,0.836466431170672,0.836230358281356,0.836081630565637,0.835317588066561,0.835016120154819,0.834903203047139,0.834996484997171,0.834223076603967,0.83445263810429,0.833396922479962,0.833620285641941,0.832468100525109,0.833444782273464,0.832817274114191,0.831753714920346,0.831824504833944,0.831654541004468,0.831602420630296,0.831574576352178
"1190",0.837114727345816,0.837200253684706,0.836380594774472,0.836241141406051,0.835455013699331,0.834994168430504,0.835359058133778,0.834106949022858,0.834242028726887,0.834476764920867,0.834136091007602,0.833963161169611,0.833480527707451,0.832545889943915,0.832004024105596,0.832484046256605,0.832091347765928,0.832182058113416,0.831263215650088,0.831134206000927,0.83041934437607
"1200",0.836966356801388,0.836406820412491,0.835838627140704,0.836034633111678,0.834894868899659,0.835583536464703,0.834148207432973,0.834174879099733,0.834428689090504,0.833655450779489,0.833429158485796,0.833077175120708,0.832585033288736,0.832710364758787,0.831745193171554,0.831677172755093,0.831348518052567,0.831610594787892,0.831175359683899,0.830381543069427,0.831178376646572
"1210",0.836280489104899,0.836181202156395,0.835747729680926,0.835417440949314,0.835233976217363,0.834527440281403,0.834218262801669,0.835234224308355,0.834256390083523,0.833778771047052,0.833217861963468,0.833651728686149,0.832721622773661,0.832505185913558,0.831675302464067,0.83204821272764,0.831057622461042,0.831822560398915,0.830267794595588,0.83003942373977,0.830638883910805
"1220",0.836232938211919,0.836895565150421,0.835821457233595,0.835069375331906,0.835146489761091,0.834278718772698,0.834034844695584,0.833758165040116,0.833839586739864,0.833709311286763,0.833555737996493,0.832841012689451,0.833059690403058,0.832186776899213,0.832463385610538,0.83181941725162,0.831298414225478,0.830933178813872,0.830726775156493,0.830601274549397,0.8294395759374
"1230",0.836162102672084,0.836495413762693,0.83602205619883,0.834496733976142,0.835179650660296,0.834244033152714,0.834260740904577,0.833897877064463,0.833641655663172,0.833366995318576,0.832004081543518,0.833047915190215,0.833005844070486,0.831211118353941,0.831029970553827,0.831648515425134,0.831356754469332,0.829947585572931,0.830507136997947,0.829631187767393,0.829411576946677
"1240",0.83637911250344,0.836135430261544,0.83608947957736,0.834586885831977,0.834219261044364,0.834123772736574,0.834136997682828,0.833720520546191,0.833539406971929,0.833846111021709,0.833094400200232,0.832438215484122,0.831429456907865,0.831079561595755,0.831834231579911,0.830958105105381,0.830658286798986,0.830348017763061,0.830434078475469,0.829630320700532,0.830080957806464
"1250",0.835577716387023,0.836153397324718,0.835290380838218,0.834977294568267,0.834396689602216,0.834810818020375,0.832607673289491,0.833294029214163,0.832991430451654,0.832909523813857,0.832622035385884,0.832569304605295,0.831641845210516,0.830817932626549,0.83118478433565,0.83033509898935,0.830676612324944,0.830055966522324,0.829939812381037,0.829361588945648,0.828860361334206
"1260",0.835430547854544,0.835925205507655,0.834366195630312,0.834785920871412,0.834063982114393,0.833977457640377,0.833165105034951,0.832685196981497,0.83331931261667,0.832562980941009,0.832641102743643,0.831365235453442,0.831780713713137,0.830854707030815,0.830194143037543,0.830934486133109,0.830382412475351,0.830299564365807,0.830176802482454,0.829080583932075,0.828798611126449
"1270",0.835050922743761,0.835691793635931,0.834606994063988,0.834967301683716,0.833463359236972,0.833699105655244,0.833664634310501,0.833254437211289,0.831848123127981,0.832682951567928,0.832410962344156,0.83203164066085,0.831423965347992,0.831036746550463,0.830498682022527,0.830910807082421,0.830735067988446,0.829483487064749,0.830061583131829,0.82953139947748,0.829414119115346
"1280",0.835737579239093,0.835598969949231,0.83466044301292,0.834594616738336,0.834136241980553,0.833552292315387,0.832940069063351,0.832087865649531,0.832422543142033,0.832481368456751,0.831028952721148,0.831646160017527,0.830971556754543,0.830406967876069,0.831571754856798,0.83041701728331,0.830266755743435,0.829979730269993,0.829413653145319,0.829439399096785,0.82846611500848
"1290",0.83529872871557,0.834605402416275,0.833892643010946,0.834349030104228,0.834026497905158,0.833521668575907,0.833262536746189,0.832327236809692,0.832347393511681,0.831820130264622,0.831487750795279,0.832399387546942,0.83226839453647,0.830652535543542,0.830001304623955,0.830200059711231,0.829841281969687,0.82914880109458,0.828398142677587,0.828845966760674,0.828870854448016
"1300",0.835043461576624,0.83465603388734,0.83464489112115,0.834124892459809,0.833263929502129,0.833524918489782,0.832930993575903,0.832940647329238,0.831576285468897,0.830732915886921,0.831027281487061,0.83143227026678,0.830527287203133,0.830468490419206,0.829105882056842,0.829789161761024,0.829426234526526,0.829841873740801,0.829107680868494,0.828522097650094,0.827793647922768
"1310",0.834921885217454,0.834952723288015,0.833996537960427,0.833427615027351,0.833811117263085,0.83322041575468,0.832150065763819,0.832066200440476,0.831218771090452,0.831544834506794,0.831069621740943,0.83039677022517,0.830510444667807,0.830216672775368,0.829702870644158,0.829579415363693,0.829989831641212,0.829262465140378,0.828692851979714,0.828277740824249,0.828047111631784
"1320",0.833918477748009,0.834293601452452,0.833848147737727,0.833914607190437,0.833125500399599,0.832635079094514,0.832611750153424,0.831792016688643,0.831352364038997,0.831165765358981,0.830443577314377,0.831038487972933,0.830900666791263,0.829994543795634,0.8293434764266,0.830198241215542,0.828192498104623,0.828318370004933,0.828170998621062,0.828762669621516,0.828053412610258
"1330",0.833903615169157,0.834368336255033,0.833705573524051,0.832888654244883,0.832898073290458,0.832431018348188,0.832132281269758,0.832822710964504,0.831418124776517,0.83082540636994,0.830555244695326,0.830553710706493,0.830314494211087,0.829937837679157,0.829590887299307,0.82928677647389,0.829529475577806,0.828345420740494,0.827537269384871,0.827418463233135,0.828183817326688
"1340",0.834100260729589,0.833375828209496,0.833384163264908,0.832564451469748,0.832816813989898,0.831884330553706,0.832091366831983,0.831032300999743,0.831428223560968,0.831058209187763,0.830283835897892,0.831326660961819,0.83018041160058,0.829616777551499,0.828802949158247,0.829196368204816,0.828851201102295,0.828123957643476,0.827550627651535,0.827961843413562,0.827197010647977
"1350",0.83438912683232,0.834568669133946,0.834042657111039,0.83284758794762,0.833333342777222,0.831930607222884,0.831677890830223,0.832061603621714,0.831024079794306,0.830312414806199,0.830105185345504,0.829978855025582,0.830079678692702,0.829077336194792,0.828983214215946,0.829297523364863,0.828609543504525,0.828086976626875,0.827528277302862,0.82770220182222,0.827652121122799
"1360",0.833507095516047,0.833388790462064,0.832451509429727,0.832880536678785,0.832085258291504,0.831730488998314,0.831701272450956,0.831983069205851,0.831474721487027,0.830721932383272,0.830254695862882,0.830506307631713,0.829529479867085,0.829845308005366,0.828829028871903,0.829028063831536,0.828931284116221,0.827949337068292,0.82658433768376,0.827228560665769,0.826474130415099
"1370",0.833611521929259,0.833824148042607,0.832686912152405,0.83267253775261,0.832286551867517,0.831701748839421,0.831757096878985,0.830789940870024,0.830318461749574,0.829761580027099,0.830423914911719,0.829389431198148,0.829570058171166,0.829758606654942,0.829207272682578,0.828714126282849,0.827161884447973,0.827468988095705,0.82701519423835,0.827110518138882,0.826225788334528
"1380",0.833492802149439,0.833858736806401,0.832822786376671,0.832874886325526,0.832155290604384,0.831779019436913,0.830457662667447,0.830282732525998,0.831144296887382,0.830689043742014,0.830090918234419,0.82967799591906,0.828686959347625,0.828366771699624,0.828154734265887,0.827963839354318,0.82783515228754,0.827987453129169,0.827674936387366,0.826808732249357,0.826473188091905
"1390",0.83324711903814,0.832895473975077,0.833218759399913,0.831683331232707,0.832227260606953,0.83088422366683,0.830921431668441,0.830725739582322,0.829968609826225,0.830436078710187,0.83041084736687,0.829301397969799,0.828809517629312,0.828349005212673,0.828748742117818,0.827840316898097,0.828303506349837,0.827063638331725,0.82636080892881,0.827213065471869,0.826225147982165
"1400",0.833402169435143,0.83320110184642,0.831946872681029,0.832672755513312,0.831524790868988,0.830920167160845,0.830914859660222,0.830503988492913,0.829712903574463,0.829575955770882,0.829226242329612,0.829030213705726,0.828067610021066,0.828797482564034,0.827446482377535,0.827547542984366,0.82659076268085,0.826761099315518,0.82723837279481,0.825662702549907,0.826978310864102
"1410",0.832245993536048,0.832926526048453,0.832845634377782,0.830897957067206,0.831374153978193,0.830595007842861,0.830460521941383,0.83067324991234,0.829831349318495,0.829154060817678,0.828569860813817,0.828768228624622,0.828332092562626,0.828947940576127,0.828018532512531,0.828492929198678,0.827740063415884,0.826720707206633,0.82624733136731,0.825935973686659,0.825695685546582
"1420",0.832127189377676,0.83291225258655,0.831900783507917,0.831204400240803,0.831008396629901,0.830687981372467,0.830724499923073,0.830726423760145,0.829444537275225,0.828829829201494,0.82895660048243,0.82868755971616,0.82865142720368,0.827642588337605,0.826094135954471,0.828161950634988,0.827088578017017,0.826722632577578,0.82571218884987,0.826475789938378,0.825742396638699
"1430",0.833305073769612,0.832880010585331,0.831470621255678,0.832051753205764,0.831233875674066,0.830148871889021,0.830656257346795,0.829362756698295,0.829908502275295,0.828459516211297,0.827949844023873,0.828555391977819,0.828256617724499,0.827315244719537,0.828142991891019,0.826945453184939,0.826985328461673,0.826374717522876,0.825732712220702,0.826087848875418,0.825234122282733
"1440",0.832638157779817,0.832137196641275,0.831554003255295,0.831497911590458,0.831108327759922,0.830195441263189,0.829572101556596,0.82992693279891,0.829596327042109,0.828077388648501,0.8286993681962,0.828226358892548,0.827913599347127,0.828039633703759,0.82681510532307,0.826782002509587,0.826171276684218,0.825537712525857,0.82608665206284,0.82594878526779,0.825154564033273
"1450",0.832368473581913,0.831436910382193,0.831496069295508,0.831004097337039,0.830816649815322,0.830120696419622,0.830437456887805,0.829785856350407,0.829983978943494,0.830087816427358,0.827999608484091,0.828195462663157,0.827704101438772,0.827934857903897,0.827671013528716,0.826737567563926,0.826798530211734,0.826004168207465,0.826035114695553,0.82585871115274,0.825729448307667
"1460",0.831095883133611,0.831912728372275,0.831354372445703,0.830440977121747,0.830597032917495,0.829652003375777,0.82946884629058,0.829698222594858,0.828536075133937,0.828405880964111,0.827875540523119,0.828183069441292,0.82651746794569,0.828057494946404,0.826249837449896,0.82641598916626,0.825609120616584,0.825786025658415,0.826022981872973,0.825630235419824,0.825502030587418
"1470",0.832472358981162,0.831654924046165,0.831182171908472,0.831351836950167,0.830732800245974,0.829633266292235,0.829717213219399,0.828823450295488,0.828796762277672,0.827420321949123,0.827721495385373,0.827620057702156,0.826989383252771,0.826798543697927,0.825736519695282,0.826495659173934,0.825804789332649,0.825491209837095,0.825623956431765,0.824242711461549,0.824122439010343
"1480",0.831935357788761,0.831367113589506,0.831313658206741,0.829969605534119,0.830438456415863,0.828841813127223,0.829529573487173,0.829731508272921,0.828464674018388,0.828439854703232,0.826981716057583,0.827118661307256,0.826923390374555,0.826558262434968,0.826639672037229,0.827376428735727,0.825426129215461,0.825246662265801,0.824330119144111,0.824187296952514,0.824741350346327
"1490",0.83163169743543,0.831586492820582,0.83097068875033,0.830359664722369,0.830469634556193,0.829874569825059,0.828936510936142,0.828439624262862,0.828620863932453,0.828175751095577,0.827169347657436,0.826528037625713,0.826742016292671,0.826808833527631,0.826399121611058,0.826446465598254,0.825826186122673,0.825137182636721,0.825385888307233,0.824394984181583,0.824978571485071
"1500",0.831553048889709,0.831855032618062,0.831059847403794,0.830615764075489,0.829906282058735,0.82881510137227,0.827830685378143,0.82796807167994,0.828528742809808,0.826609503737928,0.827312243708333,0.825888887752671,0.827344960658357,0.825799663127488,0.826233848333282,0.825258140061979,0.824112105277278,0.82489167741544,0.824626144756606,0.824204706042029,0.823780195217339
"1510",0.830918354637427,0.831316533190891,0.830338092182854,0.829709276222164,0.828741324819601,0.829250547306317,0.82919288616569,0.82780834333822,0.82747139152246,0.827830535788465,0.827136074850261,0.826841561681178,0.826142257700957,0.826118230368018,0.825589542926135,0.825822962691226,0.825711034339922,0.825119095898381,0.824671326226878,0.823442180012718,0.824067435228033
"1520",0.830615208779429,0.831172635034406,0.829624659419895,0.830340154016447,0.829447406105366,0.829717805558127,0.82704658849507,0.827765051033311,0.82837562207097,0.827079622102734,0.827640888093709,0.826704958014215,0.826854069330631,0.826007370681701,0.825517184840583,0.825647664909431,0.825634235214824,0.824746410712236,0.824248419334777,0.824727557007286,0.823811003018151
"1530",0.830866695618416,0.830804708674702,0.830226799056051,0.828806040724722,0.82896759323289,0.828847693764691,0.828772424263955,0.828443674485944,0.827847435397463,0.826938748023729,0.826238566575982,0.827114949236665,0.826380449279227,0.825852725788053,0.826236589170129,0.825693605438728,0.82459635097055,0.824340320797817,0.823732450480812,0.823735677767284,0.822989228868242
"1540",0.831054010602944,0.830322116019326,0.829646825661098,0.829258862503304,0.829028580649083,0.828626046724199,0.828217436847932,0.827968021380038,0.827513888211675,0.827399117437205,0.826457515177503,0.826427854105625,0.826074623825731,0.825930915425057,0.825747747767297,0.825684916415776,0.824458117472702,0.824075177171708,0.823716193881118,0.823587923237655,0.823551765962202
"1550",0.830030905552116,0.829708265259206,0.829683649868071,0.829598252203222,0.829103865253559,0.828616057743765,0.828271838690678,0.827597210997858,0.827786218444504,0.826974827392836,0.825876155773797,0.825593452269155,0.825733648299796,0.825262415729712,0.825331114660925,0.824055387866279,0.824242580940752,0.824073896996113,0.82438381152862,0.823621664894045,0.822674576283154
"1560",0.829952329591546,0.830087058727017,0.829937228832874,0.829083714463481,0.828811426775957,0.826900352606121,0.828470708220976,0.827036097796084,0.827518725207634,0.826306319439761,0.826347271930745,0.82686782814134,0.82563746716102,0.825844216573513,0.824703636973668,0.824730272392047,0.823672517079103,0.823523554863214,0.823820486445248,0.823372837440621,0.82229689698913
"1570",0.830431177636403,0.83029230566639,0.828942647607108,0.828795255214134,0.828463914398016,0.827931394440747,0.826406764605278,0.827514036481339,0.826603305176183,0.826860472870197,0.826331456811527,0.826179793733825,0.825075436042249,0.824411545603087,0.82480959158671,0.825078703663292,0.824439925014451,0.823264202505452,0.823330409459797,0.823086782297176,0.82212472012627
"1580",0.829625885396845,0.830498487409183,0.829523508214629,0.8283907693047,0.828759933331574,0.827131313944913,0.827813180902745,0.826181030750248,0.826537000230207,0.82625455588935,0.826590074222892,0.825983804470617,0.824019035215769,0.825228374255864,0.824190552403442,0.824745792868754,0.824191924061119,0.822865611100242,0.822792747231663,0.823248668729275,0.822870035467801
"1590",0.829098920356738,0.830559225812556,0.828627487353301,0.829299138445937,0.827536214279542,0.827960019261176,0.827341640907278,0.827087014699491,0.827487271957104,0.826105546427987,0.825566801072669,0.825166140050875,0.824607637611377,0.823828364818904,0.823796584541013,0.824695964504922,0.82390759762637,0.822942224385797,0.822769066533642,0.823094844891425,0.822296602884315
"1600",0.829629824803983,0.829983697126795,0.829189679713979,0.828414506075884,0.828096818553556,0.827160368732257,0.826392275393494,0.826223662826856,0.826675214292288,0.826013795545799,0.825335967924643,0.825087646325131,0.824721302919413,0.823573321606593,0.823843661339898,0.823680692752352,0.823225339439605,0.823515973886531,0.822958558084261,0.822648245355772,0.822101833825705
"1610",0.829285182149617,0.829735733468245,0.828737522404306,0.827977925733196,0.827610085613058,0.826718372825354,0.826329876320225,0.826353586075933,0.825537289599484,0.825905149332579,0.825065738522287,0.824485197539068,0.824330449470086,0.823886756646762,0.823761445295019,0.823582710756821,0.823439674672453,0.822711629841305,0.821964424580069,0.821992728691407,0.82213477882283
"1620",0.829195517010267,0.829118665450514,0.828634102563748,0.82786703429765,0.827683459743211,0.827872153054636,0.826667877182368,0.825774181516335,0.825008782946859,0.823926694745427,0.825099519920226,0.824463639375043,0.82413000701398,0.823922293177806,0.82319150134145,0.823220477352896,0.822095410154085,0.823014998880906,0.82228900428565,0.822758871873346,0.822096265143445
"1630",0.829294227344907,0.829417709142133,0.828601529787145,0.827937632817418,0.826785246159777,0.826516485678798,0.826921197258893,0.826012463423682,0.826303007177731,0.825633629735164,0.82453744172701,0.824434087048749,0.824500626370739,0.823578382458495,0.824552392974106,0.823001292327268,0.822289012755413,0.821965131751837,0.821992194800811,0.821550220941654,0.821008003540378
"1640",0.828334994704996,0.828318586739718,0.827768688018157,0.828227646385241,0.827867674824801,0.827138962396256,0.826316241828058,0.826495253756814,0.825840131304843,0.824779926858848,0.824591700916177,0.824339029194195,0.823855373115485,0.823858065682678,0.822639058333921,0.823011360443142,0.822286707035373,0.821416401892704,0.822027088058773,0.822413320733275,0.821534689394092
"1650",0.828073977394202,0.82875309544775,0.828345155361084,0.827188218524154,0.827347774812825,0.826808424545393,0.825907229159279,0.824792346004992,0.824729083201812,0.823964985389946,0.82517502535189,0.824688389971328,0.824158077289613,0.823756289415261,0.824036690019159,0.822707141250942,0.823529802622482,0.82148595354361,0.82093424731548,0.821699376217066,0.820931352929268
"1660",0.828697172904671,0.829519311427683,0.828066181041059,0.827482609136113,0.826028720139366,0.826102684161642,0.825847671671157,0.826158161099631,0.824604307109457,0.823813683552337,0.824197657485008,0.823740693068173,0.824140970714501,0.82347659160807,0.822644645604051,0.822836096453143,0.82177812585164,0.821822977864722,0.821510693975248,0.821606915174093,0.820854623283098
"1670",0.828056608539646,0.827817212145336,0.828186036230752,0.827196853385643,0.826183417871606,0.825692733049946,0.825419420712422,0.825877709552661,0.825473873072998,0.825207875031938,0.824463477610566,0.824482575818995,0.823245670407771,0.823247858252272,0.822431179354309,0.821864756465628,0.821833906313998,0.820989015617804,0.822087210056203,0.821747603991554,0.81976058022999
"1680",0.828280071347818,0.827973504171099,0.827917286550951,0.827454670792384,0.825503432933951,0.825815385133432,0.826216550060516,0.824935174867912,0.825284481663554,0.823508249737471,0.824331551882712,0.823944049313712,0.824313812935778,0.822734465100026,0.822882588028185,0.822496187530947,0.821213074546859,0.821104210157889,0.82175939366125,0.821935254869649,0.821231852882662
"1690",0.827867269143235,0.828365421745837,0.828164439737298,0.82638245982197,0.826382040809924,0.826289812274998,0.825835053882259,0.824208366934781,0.824959256257033,0.824086712446311,0.824071143762191,0.822624228924813,0.823879630792745,0.822174483650949,0.822326286040349,0.821811526058586,0.821886549479603,0.821619298906759,0.820996925972726,0.820756353566047,0.820061553579864
"1700",0.827769593445849,0.828230386268751,0.827196124343126,0.826893158070411,0.825841276451562,0.826064786187995,0.824903692516689,0.824645885157449,0.823409033727197,0.824989931943368,0.823034857904959,0.82279919489931,0.822381955363305,0.822638757268976,0.82266033952149,0.821794381553353,0.820904167049966,0.821569395725431,0.821526788038186,0.820113009125718,0.819967165146506
"1710",0.82768189823753,0.827899221712097,0.82645177655923,0.825769215028985,0.826172687582633,0.826045721861889,0.824703024699466,0.825210772357513,0.824006266494161,0.823655424185379,0.823339719101059,0.823094203133364,0.822842159667198,0.823180462174734,0.82183319049001,0.821219910731252,0.821417566396187,0.820567618273182,0.820566865803883,0.819897393456922,0.820200793328972
"1720",0.827128887721591,0.827147826417491,0.826827372423165,0.82620792722094,0.826024468236024,0.825274531518985,0.825252051791393,0.825102995096085,0.824680565395108,0.823553070762427,0.823884641332121,0.822507208935014,0.822479489210368,0.822332512693481,0.821690633736413,0.820413401937656,0.821148379848426,0.820737455377046,0.820360730438742,0.819832998283074,0.81950900697809
"1730",0.828039734922207,0.827194556961354,0.827110690784316,0.826221784824099,0.826009824514741,0.825846973527796,0.824711373528666,0.824129789177379,0.823922723129881,0.823063589452456,0.823198826909425,0.822829873734616,0.821889140283139,0.821053321199755,0.822650238800029,0.821305925701813,0.820265844881005,0.819984879249512,0.819590894961416,0.819620642860999,0.819364568168383
"1740",0.827205689015074,0.828073987694321,0.826889604753569,0.825395313104809,0.82480832588806,0.825797239701743,0.824443267439375,0.824068152321689,0.823371827748432,0.823311727607727,0.822527935515068,0.822460859206502,0.822052951831604,0.820923410557119,0.821816693775259,0.820660772098018,0.820679837810971,0.81991134828182,0.820698171034776,0.818374736141384,0.819725538150312
"1750",0.827338384188609,0.826702923098266,0.825964454139669,0.825729354949706,0.824754305837724,0.82476510706009,0.824638937513143,0.823697513814853,0.822861444098338,0.823460017900426,0.82265178876548,0.821624721524421,0.821468978351741,0.820773718996656,0.821204845903301,0.820484226284591,0.82108106147661,0.820290058765048,0.820272510566404,0.819361516848772,0.819078620383074
"1760",0.82768047180051,0.82683385963733,0.825015307843193,0.825744633873654,0.824315316986154,0.824931881188231,0.824387743805216,0.823244325912844,0.822927970182302,0.822465840746229,0.821525945109043,0.822497853911718,0.821466023095958,0.821991385029497,0.821121141619335,0.820765687351908,0.818744049132301,0.818865398119427,0.819278215230363,0.819926226361017,0.818319388372372
"1770",0.826621371795332,0.826726302520209,0.825249364756545,0.825767351178405,0.825378693779623,0.824474885422589,0.823938562679668,0.823592318848984,0.823473170317709,0.822905080184563,0.822258121697634,0.822303943240526,0.821381302229242,0.82194018266338,0.821101239854037,0.82084010752506,0.820603913488375,0.819724204542898,0.81960319659649,0.819334631904218,0.818803636419359
"1780",0.82713367943951,0.826692916048482,0.826171895014442,0.824637025393982,0.824496524843308,0.824531747944983,0.822857519472161,0.823556329693138,0.822297504656914,0.822138755401046,0.822210433575964,0.822145521318909,0.820951239517842,0.820545941457412,0.821200664694581,0.820861904069688,0.819334332633886,0.81973098454633,0.819408254604381,0.818148575908248,0.818596559986574
"1790",0.826706678016051,0.826526326899062,0.825511439388943,0.82541441710964,0.823655057579469,0.824893780818038,0.82319385492142,0.823889928909303,0.823033335374321,0.823156530527598,0.822019405488958,0.821832682277726,0.821158106400401,0.820239443574738,0.820831202018314,0.821002411508139,0.820086234086962,0.819168867186198,0.820291829961104,0.81809008973994,0.818442230619064
"1800",0.827068503793799,0.825048075146096,0.825595536036885,0.825408943070811,0.825112755763567,0.824328116035629,0.822978071217734,0.822848893843186,0.82280538040416,0.821808585871485,0.820800965489446,0.821175611282932,0.821447877664081,0.820541353491422,0.819910000187858,0.819799604578833,0.819890114676088,0.819243206027831,0.818788241920475,0.817697894748792,0.817581233698385
"1810",0.826360050916806,0.826626321748684,0.824820456609954,0.823736042576809,0.823480175768632,0.823605140643743,0.822963214188474,0.821976510430343,0.823253308323052,0.821292495749738,0.820762545028893,0.820835334815372,0.821712300498367,0.820032074854681,0.819206902915758,0.819145273453827,0.819309974240481,0.819305706672673,0.817961386327236,0.818244970992676,0.817426586605782
"1820",0.826404820120659,0.825628105087888,0.825503881321476,0.824796990816799,0.82356394494733,0.823323768516113,0.822444652913959,0.822782227822499,0.821159916278022,0.821441655192463,0.82149775519747,0.820701290134989,0.821191673979537,0.818243590409514,0.818704924871789,0.819545063343171,0.818437071097227,0.818413272865545,0.818439133601302,0.81781326023888,0.817422619091072
"1830",0.825507786789417,0.824473057600932,0.825227958421058,0.823775727090762,0.823525158938523,0.823255198970788,0.823661410902636,0.822423361503611,0.821111177864898,0.821265930209637,0.821266984280404,0.821330166660735,0.820098214086467,0.82002507422201,0.820370416780224,0.819256001369074,0.818002595578851,0.818132057334302,0.81835890157467,0.817979553833128,0.817618175228303
"1840",0.82583115469864,0.824391467147423,0.825642199248519,0.82456753260075,0.823727350459368,0.822248940846014,0.822766438821218,0.822137522506991,0.821387390545653,0.821424639969273,0.821690467824327,0.820539250860377,0.820907811808944,0.819226267998896,0.818269681707029,0.818353905982957,0.819320051807668,0.81789638104345,0.81831210603455,0.817945144253813,0.816679588743364
"1850",0.826297328891387,0.82591070828474,0.825512755474696,0.824030820804366,0.823134531851809,0.823567550351075,0.821819412195524,0.822017822853984,0.82065236067262,0.820554560360714,0.819753275563677,0.820795662915386,0.819766253118207,0.819518513349012,0.819929307233358,0.818913646654946,0.819097945611,0.818652596708327,0.818685103007567,0.818477662947245,0.816317885173633
"1860",0.825237478391117,0.826011025642398,0.823705447185058,0.823644367505812,0.823528766596388,0.823210150285906,0.822738225344451,0.822516118987406,0.821847444307293,0.821272001010759,0.820524968388413,0.81969155806937,0.820414272410662,0.820130574882781,0.818466068313824,0.818110492037946,0.819115085637423,0.818391719837757,0.817650886539361,0.818747449990324,0.816726628357543
"1870",0.825609701229063,0.824849149837655,0.824177481388914,0.823898082140852,0.822989540131675,0.821748682496838,0.822511705796176,0.821389486995222,0.820761752533666,0.821091156824782,0.8212124356033,0.820121361606819,0.819367113316404,0.818586270167912,0.818494116186519,0.818328890764988,0.818106088968656,0.81833984339823,0.817801555235477,0.81816246567548,0.817515362853232
"1880",0.824922954968251,0.824510034917084,0.824724852005851,0.823544251397034,0.822465692077323,0.822942337689397,0.82162780243382,0.821692229927484,0.821173889951423,0.820656619277913,0.820437592736017,0.820178354467404,0.819705993340219,0.819682857715517,0.818019135336986,0.817856783340268,0.817711268198987,0.817511087018264,0.817205211239438,0.816942213895721,0.816604358847195
"1890",0.824958014265251,0.825045693876452,0.824320522631165,0.823061777211265,0.823233246435149,0.822490838922476,0.822151124728152,0.821370893704506,0.820134847855655,0.820639980363347,0.821070617191738,0.818818247515987,0.818752167182579,0.818390840016823,0.817367239979415,0.818511832888488,0.817454249825927,0.817074306043863,0.816295615676694,0.817434796174711,0.817037894867821
"1900",0.824428602946904,0.823974249636757,0.823851881565042,0.823041335871174,0.822570264923776,0.82165634247171,0.821819452554818,0.820500032548914,0.820398700839128,0.820424831868623,0.820444668283491,0.819488253035065,0.818649582631044,0.818814807026563,0.818417587750784,0.818456341625607,0.816354497652043,0.817659585692684,0.816672341776183,0.817118218613466,0.816845620847236
"1910",0.825038915394349,0.824099882497677,0.823766988560599,0.822205062340685,0.82269209240908,0.822294101610039,0.821691657972534,0.821088001714956,0.820921865409831,0.820412801589195,0.82086510348172,0.819849682705193,0.819260678615183,0.819326713880086,0.817860315054992,0.816981719879657,0.818055339140515,0.8165570649605,0.817579465647656,0.816800061031844,0.816894764473684
"1920",0.824294452219819,0.824837081241224,0.824724905223818,0.822793981111213,0.822009201539392,0.822384070359281,0.821017906236491,0.820750431359357,0.821016733312424,0.820319376191204,0.819194187654356,0.819324780264628,0.818619913740714,0.818752389019775,0.818827202864587,0.817441833250492,0.817357575397347,0.816730531250125,0.816303539884292,0.815632819001452,0.81588994044874
"1930",0.82426172257444,0.823165317540782,0.823386466869282,0.822918364623616,0.821102661879248,0.821031539361499,0.821553206527852,0.821109252819935,0.820444576285637,0.819633280638233,0.819784896478157,0.818813670684649,0.818631043493602,0.81873729948106,0.817885357699812,0.81770290585932,0.818253467861122,0.816342788772551,0.817370405403254,0.81660835094752,0.815200799461173
"1940",0.824107927977892,0.823751032896096,0.822151997407959,0.822282051283904,0.82148203640574,0.822140095799469,0.820952279393001,0.820073335156606,0.820611940670327,0.819160712068767,0.819280595607843,0.819218471292799,0.817853457110463,0.817855124581656,0.818153717081993,0.817640870896986,0.816729612042498,0.815730167794348,0.81514618411954,0.815786429092895,0.815863840686648
"1950",0.824408355461628,0.823597852322925,0.823309955199945,0.821808922846399,0.821545155749894,0.821763900176846,0.82124076253689,0.820185492642784,0.820165704583697,0.819296654071686,0.818328918362999,0.818787370974748,0.818601860005222,0.817643233761849,0.817367259026817,0.816953234148259,0.817003207485259,0.81535490006171,0.814195161048249,0.815608941199019,0.815519694885617
"1960",0.824165200610867,0.823488349023518,0.822197077862911,0.82187202896094,0.821245786329307,0.821010467317963,0.819978617304164,0.820124805972223,0.819300318182615,0.819326182594799,0.818619024319983,0.818761658223966,0.817585292833083,0.817366730451906,0.817732698245241,0.816702744779424,0.816458786265392,0.815763288606314,0.816343450240082,0.815705567766239,0.814310040900467
"1970",0.824197805560339,0.822994914083218,0.822522047446743,0.822024292719713,0.821604010746883,0.821003707138869,0.820925676329492,0.81937845172654,0.818943915835284,0.818967174834951,0.818755898158005,0.818510159300695,0.819132569430513,0.818668357408466,0.817742777999498,0.816256919112584,0.816463067675693,0.8157116889888,0.815545188638321,0.81485329991088,0.815316206880958
"1980",0.824382664713371,0.823390957056115,0.822882445629096,0.822174541724168,0.821599336807121,0.820549974647051,0.819631405697935,0.82028697554457,0.819809252114645,0.818932684032462,0.818637202651833,0.817273758649615,0.818302070407979,0.817445114886393,0.816283011256664,0.8165927362681,0.816269334008833,0.816409329297509,0.81533698833858,0.815830449541614,0.81398195568083
"1990",0.823794791334997,0.823179767851612,0.821463843625236,0.820976324645412,0.819717418275299,0.819935716092535,0.820597253435834,0.819242384721968,0.819871617066794,0.818997723244445,0.817732115856071,0.81797111169546,0.817784301744959,0.81688909314157,0.817052277409538,0.816291629262374,0.815483840052963,0.815737577424889,0.814525919446481,0.815567415758601,0.814526279705413
"2000",0.82406069143867,0.823146362723816,0.82225649539758,0.821611025441474,0.821565502309085,0.819655642281839,0.819567347845077,0.81970523421521,0.81902323084615,0.818587084129052,0.81809296862088,0.81778475949423,0.818542512977433,0.816080148521133,0.816604886905571,0.815945959744792,0.816357955943062,0.815192503163771,0.814799298382727,0.814022228926906,0.813625182358862
